,205075,205269,205505,205551,205662,205750,205891,206148,206280,206693,206706,206718,206764,206770,206841,206872,206905,206937,207077,207238,207259,207468,207561,207633,207758,207967,208011,208043,208480,208485,208511,208596,208622,208624,208657,208776,208777,209136,209176,209266,209385,209491,209506,222031,222044,222053,222054,222078,222079,232847
205075,0.9999999999999999,0.2638352559343279,0.5221006592414136,0.3086977656162563,-0.06310283143885839,0.4836704060643904,0.4089057627432336,0.42102507585018795,0.40719681819155346,0.47590553879063646,0.14405655666281403,0.16360159265983976,0.13572159857617022,0.27286438218755094,-0.013889567243051692,0.3303593104374332,-0.007012354388052556,0.3542024681081522,0.45382623656979476,0.18954061696702998,-0.10782338498253821,0.28335254427943996,0.21210391318383956,0.21843177331918176,0.1190251310650211,-0.010172093703459534,0.3145674154331422,0.13240094734301833,0.2775851472493884,0.34644864396626346,0.20527074131078948,0.24382501900763764,0.3079468611552196,0.34898288401254285,0.2037998029090333,-0.046079593447649926,0.3815475506194259,-0.15316053258888107,-0.04448694949982026,0.1763960134940903,0.16098025511786174,0.24349838955153233,0.3536225179718667,0.5644071333099645,0.28186487032990215,0.009962377927469852,0.01765305509438098,0.37451782740101475,0.1306246893152764,0.3744891480722948
205269,0.2638352559343279,1.0000000000000002,0.10789302014560691,0.32947476460355346,0.224169795236362,0.06071636884201845,0.049034922264285304,0.35676731426628244,0.19990852728414008,0.29250842075541633,0.3001213676860714,0.15854916453778461,0.08578730502768865,0.1908407006984824,0.21526418595991859,0.39005641794166723,0.180875335976303,0.037313819681269254,0.19257968124300975,0.13082219682248383,-0.08578855561033931,0.31000348004298217,0.1122466673691299,0.25057752075441375,0.2711187865525148,0.12514256686762387,0.07614494508364886,0.2666298087930871,0.09670906455702065,0.16328695783753824,0.04522318991001097,0.22557856452797373,0.1473714342163787,0.1690627298089568,0.0662601349959989,0.15502884397987798,0.14577257362861798,0.353723479445035,0.22182079082187392,0.1532281428545009,0.8361748489461548,0.8789133383701381,0.2510299532672618,0.37648558020375417,-0.07920105671926055,0.18965629019795588,0.14822309911469123,0.023778240851755287,0.1003176444365808,0.12731266176011463
205505,0.5221006592414136,0.10789302014560691,1.0000000000000002,0.3239037816458515,0.14461348677657954,0.8842569524877204,0.20199724766399324,0.32918706793168556,0.1681743152299411,0.26786517297165685,0.008003548834528524,0.26975539464038095,0.169057758809245,0.40221997965830486,0.021255122513947695,0.18530981603012717,-0.001861593020291578,0.28413005962631627,0.6536195471897789,0.13494706245727792,-0.046080438475431175,0.21406974700426418,0.018163360728001888,0.14834292901028742,0.3581791700050255,-0.11313230333893604,0.4279043870145735,0.3649295590341699,0.3741122340936465,0.4105350901771099,0.2499581830066879,0.1810998358942185,0.25119105558724536,0.2951619787258149,0.10432910537928677,0.023535097306734462,0.4154159626759541,-0.1041910712825537,-0.04648950644510977,0.2591655791445382,0.10529350406203138,0.1298775657617394,0.5912985850248476,0.535441479711667,0.5312785340825875,-0.11733468495301473,-0.12134735847325209,0.8491934219801147,0.34638778248269086,0.3012020199167228
205551,0.3086977656162563,0.32947476460355346,0.3239037816458515,0.9999999999999999,0.13779074874315933,0.268597014212871,-0.010016432745469615,0.4308462474095382,0.2079175602561764,0.383629404509151,0.14056306541307143,0.44299628884092723,0.08700760439678806,0.2675741774625175,0.1388291166895271,0.16655448282834942,0.07287877264955642,0.08310720594785423,0.33539161597061085,0.11552777211478302,0.06060898818481135,0.12658205896098176,-0.10661495400259453,0.14609392929494647,0.19424424226945886,0.10948842799937383,0.22069525705264106,0.1932794917168991,0.12249073348660716,0.1691060703418759,0.18804604435512148,0.06205380911586114,-0.13395605431094065,-0.10669684128574165,-0.12181159889871539,-0.04237815283263851,0.3271836491535457,0.16324891112073056,0.07017298581357025,0.3400708516656126,0.3405301279293798,0.3594840447078142,0.2665340166736648,0.30100962444714774,0.08135931814911629,0.14613514685072365,0.12169735310546333,0.2504771056480288,0.16258304149406486,0.15693761773157147
205662,-0.06310283143885839,0.224169795236362,0.14461348677657954,0.13779074874315933,0.9999999999999997,0.1568694377556468,0.13622344243847767,0.4544603835227859,0.0014182236996450324,0.28196256402865116,0.3128444535589428,0.15689013586711986,0.014683604099946262,0.26252968491944145,0.1898734203484025,0.0016043580141015996,0.2319233337618253,0.06933318099811178,0.12741483375419485,0.0367588227656139,-0.08125256927779273,0.13634428572344465,0.09569801123469161,0.30691001654474637,0.16011785480801183,-0.05295610690950026,0.3269381762817171,0.16159162933499935,0.1942068942226971,0.19262187452558907,0.2096856446887012,0.028535923289754003,0.2010546246266448,0.20353321165053037,0.10550270868811265,0.5385697387109867,0.15568227990259442,0.211668626949005,0.49439916309560533,0.34085647633551275,0.31055887727243237,0.2516072985763791,0.16444394427419537,0.17364658066285588,0.10602604187360862,0.19921425057028674,0.16747118956903753,0.10921672929344534,0.2736742735167574,0.10501370254510174
205750,0.4836704060643904,0.06071636884201845,0.8842569524877204,0.268597014212871,0.1568694377556468,1.0,0.16454992201751562,0.349337078277845,0.21255086761196393,0.20712501181504311,-0.12143810090732232,0.292387853829891,0.04979175447431996,0.45593638463764896,-0.07533351016245454,0.057730278015445266,-0.13898981121669932,0.25857396095261986,0.591738088484651,0.1626167791076593,-0.060826211947523474,0.09700925644572733,0.0018783568813476824,0.1531268678338776,0.13607161527265726,-0.1318730185446752,0.36641429199392894,0.1379123110851758,0.27086283405956635,0.2885570585489513,0.18414843693500224,0.09232778711640048,0.20699402320292448,0.25984076716078947,0.033922635677705114,-0.05318280123033045,0.3111355194502337,-0.15618575639436424,-0.1333281184463341,0.2405865187123241,0.10777098761438103,0.09193861866749181,0.6209088837521324,0.46566760465466456,0.639473474474093,-0.13432218425757178,-0.17064406865414394,0.9095574291749744,0.3673089446151647,0.24062055969471963
205891,0.4089057627432336,0.049034922264285304,0.20199724766399324,-0.010016432745469615,0.13622344243847767,0.16454992201751562,0.9999999999999997,0.14564789478559576,0.1674127566520577,0.2028989128177566,0.2959466678644173,-0.1193089177503931,0.20296216454998847,0.3890638327865994,0.09693987577831692,0.39323845560896,0.09739535573987224,0.1982645675408442,0.10480336049615999,0.15571232129237153,-0.3565120948926827,0.4674373240889511,-0.03945659923584672,0.19084420869689447,-0.006290650189344144,-0.01712997406107257,0.07247238882733857,-0.006626977668320609,0.20397224905716746,0.2859608670145009,0.2971606141721272,0.20051427046591064,0.1411588002037071,0.17314390224192838,0.200071622898887,0.1964146140718824,0.20882633907188364,0.08575756310770556,0.10320358457027842,0.10391986069229224,-0.011381836652245288,0.05558304490875576,0.022596579773196512,0.3099042520028025,0.159941022529688,0.20967738905452196,0.20708642195451285,0.07876403874405556,0.18024404554844836,0.26848241347257135
206148,0.42102507585018795,0.35676731426628244,0.32918706793168556,0.4308462474095382,0.4544603835227859,0.349337078277845,0.14564789478559576,1.0,0.3061000706952056,0.3445194059175139,0.25017908249516996,0.31098209458119586,-0.0024847311689434187,0.37006615163793827,0.21201928994601915,0.0007885774450364089,0.07595306420427797,0.25925389593585346,0.4249349146059904,0.13901499993138014,0.046424903917033376,0.23040831602343337,0.30010509235112326,0.5471014447410354,0.15478458327057473,0.11132430202579913,0.28447391563303615,0.1673085521506985,0.1233167940185719,0.11599671992894896,0.11273624795378534,0.20019743451118352,0.15845987051018948,0.169481860271069,0.05643710555749504,0.4025066809940392,0.33529404535908347,0.3044781485847346,0.43028003565827444,0.2842269198337769,0.38757433717700723,0.3735759086372727,0.4104121239906131,0.410334821121728,0.05369742861327711,0.2783064750567069,0.24985455735887863,0.2787079708770786,0.2037027768280116,0.11883395127860802
206280,0.40719681819155346,0.19990852728414008,0.1681743152299411,0.2079175602561764,0.0014182236996450324,0.21255086761196393,0.1674127566520577,0.3061000706952056,1.0,0.09426414002617275,0.09794767903533945,0.2938778147756438,0.04455844847064146,0.11162836227047654,-0.006155407728856527,0.0907305948856345,-0.029262495444890565,0.3299358088306846,0.1994993437421032,0.21476149734447536,-0.09181932884547976,0.12109005791064288,0.07874097623375403,0.2102422801703695,0.049971599987834445,0.023665626901020944,0.37283642173275716,0.05365753183797391,0.09620671237033873,0.15256524702390342,0.08893174686683648,0.10848688498446699,0.13231031145525865,0.13625835648757695,0.06467959678666482,-0.08544707283023956,0.24235350931004065,0.0004058795804701481,-0.1435513645199696,0.38028329869061395,0.20630234530639996,0.2471892158407668,0.23024982890819434,0.31819958353186223,0.10691284436234347,-0.04318883859200939,-0.06273969884508081,0.09498901692795435,0.09269350548580642,0.236050970852887
206693,0.47590553879063646,0.29250842075541633,0.26786517297165685,0.383629404509151,0.28196256402865116,0.20712501181504311,0.2028989128177566,0.3445194059175139,0.09426414002617275,1.0000000000000009,0.3133683584404098,0.11327494238114993,0.0979991099528518,0.2997836655987755,0.1319449968331981,0.402099659692066,0.10889711970321055,0.047303505773801935,0.24370612019010537,0.030458445790248225,0.06542766470371666,0.01909413017040001,0.24874544939107085,0.2555757893408012,0.09089440668100478,0.05304636093058815,0.24547979613770196,0.09106727715096945,0.13629890965144595,0.14009514422578387,0.11691633583487404,-0.056253358012608036,0.29829257611133153,0.3099182930225174,-0.07672174105012783,0.10165502921875205,0.24387076883711312,-0.005546087352233017,0.06697131508036064,0.2794206343672083,0.3142251554333198,0.2531867502045812,0.11381116251266858,0.3153087252931686,0.04672861043028648,0.08730541056198271,0.0997753720262882,0.11043404345187068,0.10165771140896405,0.12960469650111017
206706,0.14405655666281403,0.3001213676860714,0.008003548834528524,0.14056306541307143,0.3128444535589428,-0.12143810090732232,0.2959466678644173,0.25017908249516996,0.09794767903533945,0.3133683584404098,0.9999999999999999,-0.006526159085864467,0.1921917505777366,0.05852254691419654,0.3750345223358151,0.24412955734702443,0.4167201618093136,0.10255512574073113,0.15797182216814293,0.0680920745681336,-0.32114946071503186,0.4506365689833014,0.25559018255686394,0.16261261997381085,0.2764705484682687,0.26959779714430054,0.03762557403041314,0.26090523227873835,0.3734619265749336,0.36760380790857644,0.35984092609327206,0.1565467865827336,0.10997977767959774,0.11584326094177749,0.3726661476356285,0.36849705977438124,0.38366695938835466,0.43545437202819404,0.3139216981563076,0.16855651189972037,0.2660116903038819,0.33707854725333186,-0.029331215085984144,0.05014832149166122,-0.23487708887551423,0.47310834361519716,0.4738553557722612,-0.18370288376958285,0.0937747712158733,0.3511403890894045
206718,0.16360159265983976,0.15854916453778461,0.26975539464038095,0.44299628884092723,0.15689013586711986,0.292387853829891,-0.1193089177503931,0.31098209458119586,0.2938778147756438,0.11327494238114993,-0.006526159085864467,1.0000000000000004,0.1388400307352438,0.3191061709393208,0.016534390048360763,0.01656236345872341,-0.050189700769871726,0.21988161797062633,0.3826031696945394,0.1750767358596717,0.1046751976010223,0.013637945813834196,-0.10371921095630944,0.18913238353006753,0.19474908783091566,0.1099919605247744,0.31300327332715633,0.18818274071862215,0.1673464213101996,0.1759102615035568,0.05388235786720174,-0.3193883883042211,0.10475765093799123,0.13065485521370143,-0.07860481026202666,-0.09585317270581913,0.05929299521361124,-0.10928731853638424,-0.07124474989716346,0.5405415731343168,0.2661338487580054,0.26891818593623956,0.37275758776784934,0.194104791796185,0.03392906928474497,0.04811795272461367,0.04995045926983545,0.3161434500002008,0.37358992209191894,0.18667239836200641
206764,0.13572159857617022,0.08578730502768865,0.169057758809245,0.08700760439678806,0.014683604099946262,0.04979175447431996,0.20296216454998847,-0.0024847311689434187,0.04455844847064146,0.0979991099528518,0.1921917505777366,0.1388400307352438,1.0000000000000004,0.033043539754889335,0.1140952029849252,0.37180497779520366,0.08808877581430583,0.1861876093722342,0.17363541529210663,0.2877377861330338,0.07212445427482526,0.4217043716442842,-0.047367486178034296,0.12914177529619716,0.11174650158475619,0.08139506196734753,0.20810573072639804,0.09970850783241747,0.041109693834847416,0.07304230459169717,0.013192262078954074,0.011904411399901662,0.20786735237583734,0.24203119584099778,0.19419988407851965,-0.019645174412043588,-0.018772589861072466,0.14310229826816115,0.09115798874120865,0.12513342532837077,0.06260932340423743,0.14136236457087561,0.1881652173314023,0.28895073816869066,-0.02675912701259732,0.15742780405347806,0.1760672907722971,0.08714421675589691,0.2403511261907778,0.12580735684270797
206770,0.27286438218755094,0.1908407006984824,0.40221997965830486,0.2675741774625175,0.26252968491944145,0.45593638463764896,0.3890638327865994,0.37006615163793827,0.11162836227047654,0.2997836655987755,0.05852254691419654,0.3191061709393208,0.033043539754889335,0.9999999999999999,0.15865525561573024,0.10852552788847027,0.024346316994375488,0.31548758048626535,0.3612737845712263,0.3510876434638242,-0.14060816550570343,0.20314493743637652,0.027795133863499095,0.3949642872605138,0.10539613586565118,-0.015277599187632666,0.2648547557293838,0.1006583017081871,0.32975875296193174,0.34175354934437213,0.22525268468237922,0.039127317658339635,0.2500837948454659,0.30305182686145116,0.2034761270797387,0.22626319535727826,0.23578617767955518,-0.05571601008107827,0.032018149373371815,0.24548775396154732,0.21581507489606808,0.21481183679301502,0.3694188785207789,0.2586105653269953,0.26080838409980467,0.2454746947436626,0.2068705867407413,0.4722111744662222,0.48397852876758246,0.31661589127796375
206841,-0.013889567243051692,0.21526418595991859,0.021255122513947695,0.1388291166895271,0.1898734203484025,-0.07533351016245454,0.09693987577831692,0.21201928994601915,-0.006155407728856527,0.1319449968331981,0.3750345223358151,0.016534390048360763,0.1140952029849252,0.15865525561573024,0.9999999999999996,0.25574783642225146,0.790456829579313,0.21815048835081544,0.1122313140331644,0.06806407745421528,0.11449801064330094,0.19305108828165582,0.15973652011103945,0.2890707659589312,0.5070298603041329,0.5246851997568506,0.055607848466186494,0.4891996053263619,0.1570775662450353,0.1532897237736904,0.21670167549727953,0.03682821315200244,0.040960898833327125,0.04202265281048899,0.27677805591471233,0.4913885684956746,0.20120765900185106,0.4517188052936139,0.4297238106394639,0.1126568978657741,0.23319991838582182,0.18998157540297075,-0.001992407326095047,0.030053543651168343,-0.1714155424543981,0.40428237971051606,0.40212732650693533,-0.07566359686077585,0.08570388200670023,0.13675018841211
206872,0.3303593104374332,0.39005641794166723,0.18530981603012717,0.16655448282834942,0.0016043580141015996,0.057730278015445266,0.39323845560896,0.0007885774450364089,0.0907305948856345,0.402099659692066,0.24412955734702443,0.01656236345872341,0.37180497779520366,0.10852552788847027,0.25574783642225146,0.9999999999999999,0.34198811073735935,0.0653869577879243,0.11589831573735263,-0.06491476270942102,-0.026910074533638934,0.299746474315886,0.10454266027710721,0.05897340454527275,0.26813445892823784,0.22213372123910075,0.007005068856804059,0.2610254433084446,0.20325282508672746,0.2473888429524626,0.17041139377283587,0.3009301059727764,0.12664890801488474,0.15069606091241028,0.09861753389692757,-0.01871395409328754,0.24580874776005296,0.24260796886942562,0.018609044072989193,0.1476688783753007,0.30030251536196645,0.3220962390499196,-0.07392600968336148,0.3209024846055128,0.05955109471117454,0.04337370527366134,0.05764182953140473,-0.005774640436092094,0.158958595152205,0.20092688042690815
206905,-0.007012354388052556,0.180875335976303,-0.001861593020291578,0.07287877264955642,0.2319233337618253,-0.13898981121669932,0.09739535573987224,0.07595306420427797,-0.029262495444890565,0.10889711970321055,0.4167201618093136,-0.050189700769871726,0.08808877581430583,0.024346316994375488,0.790456829579313,0.34198811073735935,1.0000000000000002,0.024926146743499116,-0.0017597931678287905,-0.1248021946530525,-0.06277627036503548,0.1900755900024725,0.1586492463171239,0.294605217435867,0.47468609734872563,0.4911274415758286,0.10832630819311022,0.4527689524779744,0.17595148638709684,0.21899879359223318,0.17885071766572178,0.14961273971418276,0.007969283042186099,-0.014419153852634039,0.2695081944604374,0.45821172445395386,0.19736000892565972,0.3286207098131975,0.44624030893847455,0.05728625584418999,0.15886498243768127,0.15038404715349518,-0.16150928611912288,0.039911069743158036,-0.08034418098445913,0.29078472293934776,0.27615680482329663,-0.15202859687270537,0.014755556735176673,0.15756673780238953
206937,0.3542024681081522,0.037313819681269254,0.28413005962631627,0.08310720594785423,0.06933318099811178,0.25857396095261986,0.1982645675408442,0.25925389593585346,0.3299358088306846,0.047303505773801935,0.10255512574073113,0.21988161797062633,0.1861876093722342,0.31548758048626535,0.21815048835081544,0.0653869577879243,0.024926146743499116,0.9999999999999999,0.4881666221617764,0.5219121538118761,0.11100370359624111,0.20891125660419294,-0.0030621711591600743,0.06655604688738992,0.24540707128845485,0.13581539038259222,0.1636149427579752,0.24224275565113726,0.29406917206142696,0.3085896808076684,0.2256395292688332,0.03396621926477943,0.13891458402427306,0.1719139129206924,0.397229955914447,0.13636077191867077,0.33916715193171276,0.060011417124922875,0.10145123217710042,0.2977795093744456,0.04247339971662447,0.09676542595466552,0.3995561953683902,0.242444831033508,0.1814816783773576,0.21295842597231715,0.2325767896956497,0.2589517523832956,0.4784115189452857,0.37485891220312795
207077,0.45382623656979476,0.19257968124300975,0.6536195471897789,0.33539161597061085,0.12741483375419485,0.591738088484651,0.10480336049615999,0.4249349146059904,0.1994993437421032,0.24370612019010537,0.15797182216814293,0.3826031696945394,0.17363541529210663,0.3612737845712263,0.1122313140331644,0.11589831573735263,-0.0017597931678287905,0.4881666221617764,1.0000000000000002,0.18372150860573075,0.17933765685554315,0.1972377754541535,0.19552296260842522,0.306451833928492,0.3444225421363981,0.0780756667890607,0.23152612339156278,0.3498384111465194,0.2765489810263172,0.2754225049942831,0.21028417522853385,0.024823066703629763,0.23977498254413823,0.297408844690481,0.18157290294296827,0.03220925397168854,0.41318337249987225,0.037073603627950764,0.1477778159217164,0.2874474251135144,0.1694838264633707,0.21266382864667494,0.5886692805445526,0.5677729457223798,0.3463885753598261,0.28423993886657745,0.3239661949186233,0.5936520420931289,0.39357963853003386,0.25668243768913956
207238,0.18954061696702998,0.13082219682248383,0.13494706245727792,0.11552777211478302,0.0367588227656139,0.1626167791076593,0.15571232129237153,0.13901499993138014,0.21476149734447536,0.030458445790248225,0.0680920745681336,0.1750767358596717,0.2877377861330338,0.3510876434638242,0.06806407745421528,-0.06491476270942102,-0.1248021946530525,0.5219121538118761,0.18372150860573075,1.0000000000000002,0.04696777279462993,0.24061862366416506,0.028939881633336623,0.12097321687206633,-0.0047489080286561135,-0.049704983560294826,0.2183545530500472,-0.006692175552638808,0.15742905517734967,0.20009166221599847,0.14676026819706062,0.1186268150659944,0.18818626477723766,0.21823718957677732,0.38248088449888673,0.12857139906155227,0.023367372182014887,-0.007089280346096851,-0.05622350144201738,0.20047978298293226,0.03385023848472107,0.021926228198793512,0.31865811568469177,0.07089683065086703,0.04940563992596657,0.29816839562042863,0.2863055742108706,0.21291270916023086,0.39236693658701877,0.3368533702257125
207259,-0.10782338498253821,-0.08578855561033931,-0.046080438475431175,0.06060898818481135,-0.08125256927779273,-0.060826211947523474,-0.3565120948926827,0.046424903917033376,-0.09181932884547976,0.06542766470371666,-0.32114946071503186,0.1046751976010223,0.07212445427482526,-0.14060816550570343,0.11449801064330094,-0.026910074533638934,-0.06277627036503548,0.11100370359624111,0.17933765685554315,0.04696777279462993,1.0000000000000007,-0.387546928477753,0.3744373052772359,0.04895376656898129,0.027077604086919203,0.02840574913645028,-0.04407892937776042,0.027300925613342995,-0.3836879990770857,-0.38288273506016474,-0.30840237190434006,-0.2772086851213099,0.05618066316827064,0.051349458614994986,-0.19837902640301985,-0.031699789694902156,-0.18497698297954152,0.07558579720703151,0.10179199668153747,-0.03586644623709941,-0.032582175241422436,-0.18482857988135054,0.08596198969330013,-0.006552232149217022,-0.041430890128247196,-0.0030502719319996214,0.019762895600955063,0.04021972341530375,0.03648329147088203,-0.3641481800868004
207468,0.28335254427943996,0.31000348004298217,0.21406974700426418,0.12658205896098176,0.13634428572344465,0.09700925644572733,0.4674373240889511,0.23040831602343337,0.12109005791064288,0.01909413017040001,0.4506365689833014,0.013637945813834196,0.4217043716442842,0.20314493743637652,0.19305108828165582,0.299746474315886,0.1900755900024725,0.20891125660419294,0.1972377754541535,0.24061862366416506,-0.387546928477753,1.0000000000000002,-0.023350050812743918,0.2443626667523356,0.20915121288487346,0.16791707293193955,0.2719576829461919,0.20676251677737137,0.3393273768723039,0.3887461819300888,0.4153236585964943,0.3743740769707233,0.19613938968519712,0.19314792717381263,0.39679443971390527,0.22900215450068673,0.22321466443358537,0.32645477210165896,0.2026301884085009,0.18159917360016717,0.19636300201078202,0.318846642864704,0.12440649087915658,0.2806927543696702,-0.11726854290688128,0.32312503090988537,0.29973320484747235,0.08971424261453256,0.11993269074795988,0.4195632540092662
207561,0.21210391318383956,0.1122466673691299,0.018163360728001888,-0.10661495400259453,0.09569801123469161,0.0018783568813476824,-0.03945659923584672,0.30010509235112326,0.07874097623375403,0.24874544939107085,0.25559018255686394,-0.10371921095630944,-0.047367486178034296,0.027795133863499095,0.15973652011103945,0.10454266027710721,0.1586492463171239,-0.0030621711591600743,0.19552296260842522,0.028939881633336623,0.3744373052772359,-0.023350050812743918,1.0000000000000002,0.3042804862266921,0.16863775193400177,0.10864980126060357,-0.017426433567391476,0.1724756851903667,-0.18447820535813267,-0.16252481406833405,-0.17675135009369722,0.1512113448432134,0.3970813207927748,0.38624699935391954,0.10970862346998847,0.3093555326072399,0.10808145910312178,0.11741448194728384,0.25731429459188704,-0.04892423755056639,0.03892145623831103,-0.004873582185853738,0.02664174359091746,0.19056140621070897,-0.1311369403706017,0.36322034962640454,0.3490716191643628,0.018215194903502204,-0.08282518554549945,-0.1688006612771239
207633,0.21843177331918176,0.25057752075441375,0.14834292901028742,0.14609392929494647,0.30691001654474637,0.1531268678338776,0.19084420869689447,0.5471014447410354,0.2102422801703695,0.2555757893408012,0.16261261997381085,0.18913238353006753,0.12914177529619716,0.3949642872605138,0.2890707659589312,0.05897340454527275,0.294605217435867,0.06655604688738992,0.306451833928492,0.12097321687206633,0.04895376656898129,0.2443626667523356,0.3042804862266921,1.0000000000000002,0.2200283761553061,0.10763431544923051,0.24266601699506313,0.22300977475353942,0.011132052166687677,0.06482719609945213,0.07457885357993795,-0.03367552021949803,0.3996878739995722,0.39549668889651696,0.04747945793019191,0.35083122147312445,0.05357168354320131,0.18129318694395555,0.40901049840489406,0.1776585318607745,0.24245341428788317,0.23432482839829777,0.20403177749187004,0.18360064340191287,-0.01546554331087906,0.4448292766939475,0.4118410231007023,0.11170600340272523,0.24475110485890844,0.07076706879502095
207758,0.1190251310650211,0.2711187865525148,0.3581791700050255,0.19424424226945886,0.16011785480801183,0.13607161527265726,-0.006290650189344144,0.15478458327057473,0.049971599987834445,0.09089440668100478,0.2764705484682687,0.19474908783091566,0.11174650158475619,0.10539613586565118,0.5070298603041329,0.26813445892823784,0.47468609734872563,0.24540707128845485,0.3444225421363981,-0.0047489080286561135,0.027077604086919203,0.20915121288487346,0.16863775193400177,0.2200283761553061,1.0000000000000002,0.33641590435657504,0.14927378725891857,0.9960897391136042,0.25766810946069807,0.26904524504630295,0.19538099845156923,0.019231072351317928,0.15407307546229312,0.15370829136923755,0.13911664909785137,0.3387224079916883,0.24481331603865716,0.34504532140502453,0.2788325204453369,0.2030429737832774,0.33152665176611423,0.32625678407927816,0.16402613942892819,0.27351204556442593,-0.08850552006150411,0.2884500219612562,0.27411360061388346,0.21906631280847738,0.24773699408784822,0.20914733572627023
207967,-0.010172093703459534,0.12514256686762387,-0.11313230333893604,0.10948842799937383,-0.05295610690950026,-0.1318730185446752,-0.01712997406107257,0.11132430202579913,0.023665626901020944,0.05304636093058815,0.26959779714430054,0.1099919605247744,0.08139506196734753,-0.015277599187632666,0.5246851997568506,0.22213372123910075,0.4911274415758286,0.13581539038259222,0.0780756667890607,-0.049704983560294826,0.02840574913645028,0.16791707293193955,0.10864980126060357,0.10763431544923051,0.33641590435657504,0.9999999999999999,0.03109246349698942,0.31872125302453896,0.0073305993560457625,-0.03177189732754458,0.04536484975521577,-0.00753723456819587,-0.04588410003497556,-0.05548308417436171,0.15366143805640398,0.26624529447202194,0.17370599995294406,0.3285196389619895,0.30008326968368365,0.16498200453498235,0.10131096094060653,0.11728382368804272,-0.13574470926513632,0.033166742346745826,-0.1617828701449821,0.2139984504185975,0.20306744798271315,-0.1047344432489116,-0.049398198464802694,0.06080102418029341
208011,0.3145674154331422,0.07614494508364886,0.4279043870145735,0.22069525705264106,0.3269381762817171,0.36641429199392894,0.07247238882733857,0.28447391563303615,0.37283642173275716,0.24547979613770196,0.03762557403041314,0.31300327332715633,0.20810573072639804,0.2648547557293838,0.055607848466186494,0.007005068856804059,0.10832630819311022,0.1636149427579752,0.23152612339156278,0.2183545530500472,-0.04407892937776042,0.2719576829461919,-0.017426433567391476,0.24266601699506313,0.14927378725891857,0.03109246349698942,0.9999999999999999,0.14164133154912392,0.26614050917890897,0.3017654885943756,0.15146652446280967,0.1206289095609855,0.3097527587863444,0.2892660256068608,0.08128840157255927,0.22852566811777955,0.06622103751491959,-0.1855928428041818,0.017986379672723405,0.4207675246365355,0.1363089595260294,0.08628792315935153,0.21117607508659425,0.344632935721767,0.11263169499187749,-0.1462331212498006,-0.1472141024027888,0.3268456626708125,0.12467407914802857,0.3122752112076963
208043,0.13240094734301833,0.2666298087930871,0.3649295590341699,0.1932794917168991,0.16159162933499935,0.1379123110851758,-0.006626977668320609,0.1673085521506985,0.05365753183797391,0.09106727715096945,0.26090523227873835,0.18818274071862215,0.09970850783241747,0.1006583017081871,0.4891996053263619,0.2610254433084446,0.4527689524779744,0.24224275565113726,0.3498384111465194,-0.006692175552638808,0.027300925613342995,0.20676251677737137,0.1724756851903667,0.22300977475353942,0.9960897391136042,0.31872125302453896,0.14164133154912392,1.0000000000000007,0.2508039522775809,0.26841211915985846,0.1918303015929848,0.02256495078213718,0.1600484632648783,0.15939541948952832,0.1286250743024651,0.32914987790853867,0.25153793890031984,0.34433566058915155,0.27323306480620313,0.1961941948271866,0.31940331784127224,0.31728587495481186,0.1734324908381199,0.28789190927674063,-0.0795905699157788,0.28050861677682287,0.270322603012847,0.22932940616426836,0.23709374119033608,0.20327491782398632
208480,0.2775851472493884,0.09670906455702065,0.3741122340936465,0.12249073348660716,0.1942068942226971,0.27086283405956635,0.20397224905716746,0.1233167940185719,0.09620671237033873,0.13629890965144595,0.3734619265749336,0.1673464213101996,0.041109693834847416,0.32975875296193174,0.1570775662450353,0.20325282508672746,0.17595148638709684,0.29406917206142696,0.2765489810263172,0.15742905517734967,-0.3836879990770857,0.3393273768723039,-0.18447820535813267,0.011132052166687677,0.25766810946069807,0.0073305993560457625,0.26614050917890897,0.2508039522775809,1.0000000000000002,0.9339928366621995,0.8318177771534269,0.2220803101682972,0.25856463412988595,0.279631028191605,0.6670772778423345,0.008842866156641269,0.5993110506521239,0.034340748338660895,-0.12724680415605305,0.2906404788338665,0.09953802423710059,0.18067832587611343,0.2281350009041227,0.015716746468431547,0.2052051773931247,0.007976178431312429,0.019441351235313993,0.22004989368636615,0.2626665927277534,0.9084344418668622
208485,0.34644864396626346,0.16328695783753824,0.4105350901771099,0.1691060703418759,0.19262187452558907,0.2885570585489513,0.2859608670145009,0.11599671992894896,0.15256524702390342,0.14009514422578387,0.36760380790857644,0.1759102615035568,0.07304230459169717,0.34175354934437213,0.1532897237736904,0.2473888429524626,0.21899879359223318,0.3085896808076684,0.2754225049942831,0.20009166221599847,-0.38288273506016474,0.3887461819300888,-0.16252481406833405,0.06482719609945213,0.26904524504630295,-0.03177189732754458,0.3017654885943756,0.26841211915985846,0.9339928366621995,1.0000000000000002,0.7894480541682805,0.2720819818846849,0.2598094971954115,0.2687614795835017,0.6367792564464749,-0.013624800527695739,0.5844684801409827,-0.029900587251702564,-0.1493809894689521,0.23830047212344227,0.13693319723044525,0.22844589888144123,0.25107181645846716,0.12717608712639272,0.26486962745071807,0.047990377204091876,0.05971912141239582,0.24770453046298638,0.2876255866607719,0.897522260883048
208511,0.20527074131078948,0.04522318991001097,0.2499581830066879,0.18804604435512148,0.2096856446887012,0.18414843693500224,0.2971606141721272,0.11273624795378534,0.08893174686683648,0.11691633583487404,0.35984092609327206,0.05388235786720174,0.013192262078954074,0.22525268468237922,0.21670167549727953,0.17041139377283587,0.17885071766572178,0.2256395292688332,0.21028417522853385,0.14676026819706062,-0.30840237190434006,0.4153236585964943,-0.17675135009369722,0.07457885357993795,0.19538099845156923,0.04536484975521577,0.15146652446280967,0.1918303015929848,0.8318177771534269,0.7894480541682805,1.0000000000000002,0.18946031533928853,0.24672529715830166,0.2524690587561039,0.6124360782379114,-0.06411281602610887,0.6366529939271244,0.08039474851911751,-0.08304092157332695,0.29145015926541745,-0.005544415464955147,0.07163106871356151,0.10065349535539353,-0.08273226420501449,0.12396037312656638,0.06523522609368526,0.06394895440315816,0.08717256052271212,0.08165551811042021,0.8107409954737917
208596,0.24382501900763764,0.22557856452797373,0.1810998358942185,0.06205380911586114,0.028535923289754003,0.09232778711640048,0.20051427046591064,0.20019743451118352,0.10848688498446699,-0.056253358012608036,0.1565467865827336,-0.3193883883042211,0.011904411399901662,0.039127317658339635,0.03682821315200244,0.3009301059727764,0.14961273971418276,0.03396621926477943,0.024823066703629763,0.1186268150659944,-0.2772086851213099,0.3743740769707233,0.1512113448432134,-0.03367552021949803,0.019231072351317928,-0.00753723456819587,0.1206289095609855,0.02256495078213718,0.2220803101682972,0.2720819818846849,0.18946031533928853,1.0000000000000004,-0.0013114362098619484,0.0014808769441956554,0.2890350989741968,0.19272708453934273,0.3281157725728725,0.1465720727586642,0.10693534929902736,-0.19200774408803056,0.0761477182964958,0.15022109317691074,-0.0805366708321502,0.23314854088493708,0.031086564171897556,0.03951409972524838,0.034501549101528334,-0.01618987230255652,-0.09061905946098829,0.18650621679045776
208622,0.3079468611552196,0.1473714342163787,0.25119105558724536,-0.13395605431094065,0.2010546246266448,0.20699402320292448,0.1411588002037071,0.15845987051018948,0.13231031145525865,0.29829257611133153,0.10997977767959774,0.10475765093799123,0.20786735237583734,0.2500837948454659,0.040960898833327125,0.12664890801488474,0.007969283042186099,0.13891458402427306,0.23977498254413823,0.18818626477723766,0.05618066316827064,0.19613938968519712,0.3970813207927748,0.3996878739995722,0.15407307546229312,-0.04588410003497556,0.3097527587863444,0.1600484632648783,0.25856463412988595,0.2598094971954115,0.24672529715830166,-0.0013114362098619484,1.0,0.9852858548900868,0.2631373236735337,0.005104291657790238,0.11416673697579238,-0.020575634213401445,-0.035714317535929546,0.08330140148680767,0.10682469833385286,0.06774058934756481,0.24262637970261236,0.25567700829757706,-0.010936969739800552,0.13260382218673966,0.12952963524442118,0.19491431134298925,0.1520866990378084,0.3018301812713564
208624,0.34898288401254285,0.1690627298089568,0.2951619787258149,-0.10669684128574165,0.20353321165053037,0.25984076716078947,0.17314390224192838,0.169481860271069,0.13625835648757695,0.3099182930225174,0.11584326094177749,0.13065485521370143,0.24203119584099778,0.30305182686145116,0.04202265281048899,0.15069606091241028,-0.014419153852634039,0.1719139129206924,0.297408844690481,0.21823718957677732,0.051349458614994986,0.19314792717381263,0.38624699935391954,0.39549668889651696,0.15370829136923755,-0.05548308417436171,0.2892660256068608,0.15939541948952832,0.279631028191605,0.2687614795835017,0.2524690587561039,0.0014808769441956554,0.9852858548900868,1.0000000000000002,0.30118141614701965,0.015212090950611202,0.13146241136728243,-0.010528302643171393,-0.013971722134335342,0.09678496674137914,0.10553379866957008,0.09535388481826328,0.2741568229071318,0.2881129789684716,0.026087929374775283,0.14341281113325352,0.13914661490945243,0.24260668395350138,0.18877520311241897,0.3239305519534853
208657,0.2037998029090333,0.0662601349959989,0.10432910537928677,-0.12181159889871539,0.10550270868811265,0.033922635677705114,0.200071622898887,0.05643710555749504,0.06467959678666482,-0.07672174105012783,0.3726661476356285,-0.07860481026202666,0.19419988407851965,0.2034761270797387,0.27677805591471233,0.09861753389692757,0.2695081944604374,0.397229955914447,0.18157290294296827,0.38248088449888673,-0.19837902640301985,0.39679443971390527,0.10970862346998847,0.04747945793019191,0.13911664909785137,0.15366143805640398,0.08128840157255927,0.1286250743024651,0.6670772778423345,0.6367792564464749,0.6124360782379114,0.2890350989741968,0.2631373236735337,0.30118141614701965,1.0,0.2031560402895526,0.514760258242143,0.04927521324956032,0.14041026855994423,0.05362677974836835,-0.0843125471519459,0.06828269098573382,0.19423483016797832,-0.03986909585452093,0.12316564853271347,0.21716716583668552,0.2089225172046223,0.04747774536167457,0.14083433425213798,0.7046399794274555
208776,-0.046079593447649926,0.15502884397987798,0.023535097306734462,-0.04237815283263851,0.5385697387109867,-0.05318280123033045,0.1964146140718824,0.4025066809940392,-0.08544707283023956,0.10165502921875205,0.36849705977438124,-0.09585317270581913,-0.019645174412043588,0.22626319535727826,0.4913885684956746,-0.01871395409328754,0.45821172445395386,0.13636077191867077,0.03220925397168854,0.12857139906155227,-0.031699789694902156,0.22900215450068673,0.3093555326072399,0.35083122147312445,0.3387224079916883,0.26624529447202194,0.22852566811777955,0.32914987790853867,0.008842866156641269,-0.013624800527695739,-0.06411281602610887,0.19272708453934273,0.005104291657790238,0.015212090950611202,0.2031560402895526,0.9999999999999998,0.03678575721854089,0.3723739727108642,0.7877373745620546,0.11551921121702026,0.16762431365815414,0.16370583513128087,-0.007957154054084332,0.10181286951435334,-0.1768013917045095,0.40969693087541315,0.3767271267899036,-0.045211248257041994,0.1395008225321701,-0.05309070531515085
208777,0.3815475506194259,0.14577257362861798,0.4154159626759541,0.3271836491535457,0.15568227990259442,0.3111355194502337,0.20882633907188364,0.33529404535908347,0.24235350931004065,0.24387076883711312,0.38366695938835466,0.05929299521361124,-0.018772589861072466,0.23578617767955518,0.20120765900185106,0.24580874776005296,0.19736000892565972,0.33916715193171276,0.41318337249987225,0.023367372182014887,-0.18497698297954152,0.22321466443358537,0.10808145910312178,0.05357168354320131,0.24481331603865716,0.17370599995294406,0.06622103751491959,0.25153793890031984,0.5993110506521239,0.5844684801409827,0.6366529939271244,0.3281157725728725,0.11416673697579238,0.13146241136728243,0.514760258242143,0.03678575721854089,1.0000000000000002,0.07918603815835758,0.04382432297590375,0.13254724091996417,0.07736759985767595,0.22403400284596628,0.2380283170539247,0.12001114187020559,0.2824256727503878,0.05073644789459135,0.05364017806637091,0.21667121300667594,0.08882844764243149,0.5577673952248554
209136,-0.15316053258888107,0.353723479445035,-0.1041910712825537,0.16324891112073056,0.211668626949005,-0.15618575639436424,0.08575756310770556,0.3044781485847346,0.0004058795804701481,-0.005546087352233017,0.43545437202819404,-0.10928731853638424,0.14310229826816115,-0.05571601008107827,0.4517188052936139,0.24260796886942562,0.3286207098131975,0.060011417124922875,0.037073603627950764,-0.007089280346096851,0.07558579720703151,0.32645477210165896,0.11741448194728384,0.18129318694395555,0.34504532140502453,0.3285196389619895,-0.1855928428041818,0.34433566058915155,0.034340748338660895,-0.029900587251702564,0.08039474851911751,0.1465720727586642,-0.020575634213401445,-0.010528302643171393,0.04927521324956032,0.3723739727108642,0.07918603815835758,1.0000000000000002,0.4387828573539279,-0.019764566895370508,0.3578089023295761,0.32950963957618423,-0.04849221081266071,0.0278987016888437,-0.30581033725799966,0.37791249271502386,0.34585807183076134,-0.15239825345583002,0.1700576723313626,0.017821832341031678
209176,-0.04448694949982026,0.22182079082187392,-0.04648950644510977,0.07017298581357025,0.49439916309560533,-0.1333281184463341,0.10320358457027842,0.43028003565827444,-0.1435513645199696,0.06697131508036064,0.3139216981563076,-0.07124474989716346,0.09115798874120865,0.032018149373371815,0.4297238106394639,0.018609044072989193,0.44624030893847455,0.10145123217710042,0.1477778159217164,-0.05622350144201738,0.10179199668153747,0.2026301884085009,0.25731429459188704,0.40901049840489406,0.2788325204453369,0.30008326968368365,0.017986379672723405,0.27323306480620313,-0.12724680415605305,-0.1493809894689521,-0.08304092157332695,0.10693534929902736,-0.035714317535929546,-0.013971722134335342,0.14041026855994423,0.7877373745620546,0.04382432297590375,0.4387828573539279,1.0,0.10601724885278682,0.19000359528074673,0.23579193550358746,0.01921817685478275,0.14480657711484593,-0.13843837070673606,0.4491605093054229,0.4133586198776168,-0.14410769357967676,0.05414929549399664,-0.1644504733801431
